100 1327
1 2
1 39
1 48
1 56
1 60
1 68
1 80
1 82
1 94
2 7
2 10
2 11
2 20
2 23
2 32
2 34
2 39
2 45
2 49
2 54
2 69
2 79
2 87
2 88
3 6
3 27
3 35
3 40
3 41
3 42
3 46
3 66
3 72
3 75
3 80
3 94
3 98
4 4
4 8
4 11
4 16
4 25
4 28
4 43
4 53
4 54
4 61
4 66
4 69
4 79
5 4
5 11
5 13
5 15
5 32
5 42
5 47
5 56
5 58
5 67
5 79
5 84
5 88
5 94
6 14
6 33
6 42
6 49
6 57
6 59
6 67
6 69
6 78
6 80
6 82
6 97
7 16
7 19
7 20
7 21
7 30
7 49
7 77
7 81
7 88
7 92
7 93
7 94
8 3
8 12
8 33
8 42
8 44
8 47
8 49
8 56
8 60
8 62
8 66
8 69
8 71
8 85
8 89
8 94
9 3
9 7
9 14
9 30
9 31
9 36
9 45
9 64
9 65
9 70
9 75
9 92
10 3
10 15
10 23
10 44
10 46
10 57
10 60
10 62
10 63
10 65
10 70
10 71
10 76
10 81
10 83
11 5
11 34
11 45
11 75
11 78
11 88
11 99
12 7
12 17
12 28
12 29
12 30
12 44
12 51
12 53
12 56
12 59
12 75
12 77
12 83
12 95
12 96
13 10
13 22
13 33
13 38
13 39
13 44
13 52
13 64
13 73
14 6
14 10
14 27
14 38
14 39
14 49
14 50
14 56
14 63
14 68
14 73
14 74
14 76
14 84
14 85
15 4
15 13
15 19
15 31
15 34
15 36
15 57
15 66
15 70
15 71
15 76
15 87
16 4
16 12
16 25
16 45
16 49
16 60
16 70
16 76
16 81
16 84
16 87
16 100
17 11
17 15
17 22
17 24
17 25
17 30
17 44
17 70
18 8
18 12
18 28
18 35
18 36
18 37
18 39
18 41
18 42
18 59
18 62
18 63
18 70
18 71
18 73
18 75
18 78
18 82
18 83
18 84
18 100
19 2
19 5
19 27
19 30
19 39
19 40
19 56
19 62
19 64
19 67
19 68
19 69
19 97
20 10
20 13
20 30
20 32
20 44
20 53
20 57
20 85
20 86
20 94
20 97
20 100
21 8
21 22
21 32
21 40
21 41
21 49
21 54
21 74
21 79
21 83
21 86
21 88
21 94
21 98
22 11
22 18
22 23
22 38
22 53
22 57
22 58
22 92
22 97
22 99
23 13
23 17
23 24
23 35
23 46
23 56
23 62
23 85
23 89
23 94
24 3
24 17
24 24
24 30
24 33
24 42
24 43
24 49
24 55
24 69
25 10
25 13
25 21
25 46
25 67
25 74
25 85
25 88
25 90
25 94
25 96
25 98
26 11
26 13
26 20
26 22
26 28
26 33
26 37
26 39
26 40
26 41
26 43
26 72
26 78
26 80
26 89
26 98
27 2
27 9
27 15
27 16
27 37
27 38
27 49
27 54
27 66
27 67
27 70
27 75
27 85
27 91
27 98
27 99
28 3
28 4
28 9
28 11
28 13
28 19
28 21
28 22
28 37
28 42
28 60
28 61
28 72
28 76
28 78
28 81
28 91
29 11
29 15
29 17
29 33
29 37
29 64
29 69
29 73
29 75
29 85
29 86
29 91
29 99
30 1
30 11
30 18
30 27
30 53
30 60
30 67
30 76
30 88
30 96
31 7
31 22
31 30
31 32
31 37
31 40
31 52
31 53
31 57
31 60
31 73
31 74
31 76
31 77
31 91
32 6
32 22
32 25
32 31
32 56
32 57
32 78
32 88
32 89
32 90
32 93
33 8
33 17
33 23
33 37
33 38
33 62
33 67
33 70
33 73
33 75
33 88
34 10
34 13
34 18
34 20
34 26
34 69
34 73
34 80
34 81
34 86
35 15
35 41
35 50
35 73
35 86
36 15
36 17
36 38
36 43
36 48
36 55
36 65
36 70
36 81
36 83
36 85
36 88
36 90
36 92
37 7
37 8
37 24
37 26
37 41
37 45
37 61
37 65
37 92
37 96
37 100
38 5
38 7
38 13
38 14
38 22
38 25
38 29
38 33
38 35
38 58
38 61
38 65
38 72
38 75
38 76
38 95
39 5
39 16
39 17
39 47
39 54
39 55
39 57
39 59
39 66
39 78
39 83
39 88
40 8
40 11
40 18
40 26
40 50
40 55
40 56
40 71
40 74
40 88
40 98
41 6
41 8
41 12
41 18
41 28
41 36
41 38
41 43
41 45
41 49
41 54
41 55
41 57
41 64
41 65
41 68
41 71
41 77
41 86
41 89
41 90
41 92
41 95
41 98
41 99
42 4
42 10
42 18
42 21
42 25
42 37
42 47
42 58
42 59
42 64
42 67
42 75
42 85
42 86
42 88
42 90
42 100
43 3
43 7
43 9
43 16
43 27
43 37
43 41
43 48
43 52
43 63
43 69
43 80
43 84
43 100
44 11
44 14
44 16
44 19
44 20
44 23
44 34
44 35
44 41
44 44
44 45
44 49
44 51
44 68
44 77
44 81
44 83
44 93
45 2
45 18
45 27
45 30
45 31
45 45
45 54
45 71
45 83
45 84
45 91
46 10
46 11
46 12
46 17
46 22
46 25
46 37
46 43
46 46
46 47
46 49
46 75
46 77
46 79
46 80
46 84
46 89
46 98
47 9
47 18
47 23
47 25
47 27
47 32
47 34
47 47
47 52
47 53
47 63
47 73
47 76
47 79
47 85
47 89
47 94
47 97
47 100
48 1
48 5
48 9
48 32
48 35
48 40
48 54
48 64
48 69
48 77
48 95
49 17
49 21
49 31
49 35
49 39
49 40
49 44
49 48
49 55
49 59
49 60
49 73
49 75
49 90
49 91
50 11
50 20
50 23
50 28
50 32
50 43
50 51
50 52
50 74
50 83
51 2
51 6
51 17
51 21
51 23
51 24
51 36
51 43
51 45
51 46
51 55
51 61
51 75
51 80
51 81
51 82
51 88
51 90
52 13
52 31
52 34
52 40
52 43
52 50
52 70
52 88
52 97
53 2
53 4
53 10
53 12
53 13
53 18
53 51
53 55
53 58
53 66
53 67
53 70
53 75
53 87
53 98
54 1
54 5
54 12
54 32
54 34
54 60
54 61
54 67
54 79
55 6
55 8
55 14
55 15
55 20
55 29
55 31
55 43
55 50
55 52
55 54
55 58
55 64
55 66
55 71
55 76
55 84
55 97
56 10
56 17
56 22
56 24
56 30
56 36
56 54
56 64
56 72
56 77
56 82
56 91
56 95
57 4
57 8
57 16
57 20
57 23
57 26
57 27
57 32
57 44
57 45
57 54
57 68
57 69
57 71
57 75
57 76
57 77
57 79
57 81
57 87
57 91
57 98
58 9
58 13
58 17
58 19
58 29
58 31
58 34
58 37
58 67
58 73
58 95
59 3
59 18
59 20
59 22
59 28
59 34
59 41
59 51
59 52
59 58
59 64
59 66
59 89
60 21
60 30
60 35
60 36
60 58
60 72
60 79
60 87
60 92
60 99
61 4
61 9
61 28
61 61
61 74
61 86
61 87
61 95
62 7
62 8
62 19
62 20
62 22
62 32
62 48
62 51
62 61
62 66
62 95
62 98
63 4
63 7
63 10
63 18
63 23
63 41
63 42
63 47
63 65
63 93
63 95
63 100
64 7
64 12
64 29
64 35
64 48
64 77
64 87
64 91
64 98
64 99
64 100
65 3
65 12
65 16
65 25
65 27
65 39
65 49
65 50
65 69
65 74
65 79
65 82
65 90
65 91
65 93
66 6
66 18
66 26
66 28
66 32
66 37
66 39
66 41
66 44
66 45
66 50
66 52
66 53
66 57
66 60
66 61
66 63
66 66
66 67
66 68
66 78
66 79
66 86
66 89
67 5
67 10
67 16
67 20
67 27
67 59
67 62
67 66
67 74
67 77
67 84
68 8
68 15
68 22
68 24
68 28
68 32
68 33
68 38
68 45
68 56
68 58
68 63
68 70
68 77
68 81
68 87
68 89
68 94
68 100
69 6
69 11
69 17
69 24
69 44
69 45
69 83
69 92
69 94
69 98
70 10
70 24
70 25
70 32
70 38
70 47
70 54
70 61
70 68
70 74
70 77
70 80
70 85
70 89
70 93
70 99
71 2
71 9
71 21
71 28
71 50
71 55
71 61
71 68
71 72
71 93
71 94
72 1
72 13
72 30
72 40
72 45
72 48
72 55
72 66
72 71
72 78
72 79
72 88
72 95
73 5
73 8
73 10
73 14
73 19
73 23
73 25
73 29
73 33
73 35
73 39
73 52
73 59
73 61
73 63
73 67
73 83
73 87
74 1
74 13
74 15
74 19
74 25
74 39
74 43
74 47
74 59
74 61
74 67
74 69
74 90
74 94
74 100
75 4
75 6
75 11
75 12
75 20
75 25
75 27
75 30
75 34
75 36
75 46
75 47
75 50
75 64
75 68
75 85
75 94
75 97
75 99
76 5
76 10
76 18
76 23
76 38
76 40
76 44
76 51
76 74
77 3
77 5
77 9
77 12
77 18
77 29
77 40
77 45
77 62
77 67
77 70
77 71
77 73
77 77
77 79
77 83
77 98
77 100
78 7
78 10
78 13
78 21
78 43
78 49
78 52
78 56
78 57
78 60
78 73
78 74
78 75
78 83
78 91
78 95
79 5
79 11
79 14
79 26
79 32
79 57
79 59
79 62
79 66
79 79
79 86
79 100
80 4
80 6
80 7
80 13
80 14
80 15
80 51
80 53
80 74
80 84
80 97
81 6
81 7
81 19
81 23
81 24
81 27
81 50
81 51
81 57
81 63
81 65
81 74
81 88
82 6
82 8
82 10
82 13
82 20
82 30
82 34
82 39
82 49
82 59
82 72
82 74
82 84
82 90
82 94
82 97
83 11
83 13
83 18
83 26
83 28
83 33
83 45
83 67
83 77
83 90
83 95
84 34
84 56
84 57
84 67
84 82
84 84
84 97
85 2
85 4
85 13
85 25
85 26
85 37
85 44
85 57
85 65
85 67
85 77
85 80
85 87
85 89
85 95
85 96
85 98
86 6
86 8
86 18
86 19
86 20
86 25
86 40
86 51
86 69
86 87
86 95
86 97
87 2
87 16
87 17
87 22
87 39
87 41
87 45
87 54
87 57
87 62
87 68
87 80
87 83
88 8
88 17
88 20
88 30
88 62
88 64
88 90
88 92
89 3
89 12
89 16
89 23
89 27
89 39
89 53
89 85
89 100
90 18
90 22
90 26
90 29
90 38
90 44
90 70
90 83
90 85
90 87
90 88
91 3
91 7
91 17
91 18
91 21
91 27
91 36
91 39
91 69
91 80
91 88
92 1
92 10
92 13
92 17
92 21
92 36
92 42
92 56
92 59
92 63
92 72
92 84
92 90
92 91
92 97
92 100
93 7
93 8
93 19
93 23
93 30
93 33
93 35
93 36
93 41
93 53
93 57
93 61
93 75
93 79
93 80
94 15
94 18
94 27
94 28
94 29
94 35
94 38
94 39
94 48
94 55
94 70
94 81
94 86
94 87
94 91
95 13
95 17
95 20
95 35
95 48
95 52
95 55
95 62
95 69
95 76
95 78
95 81
95 85
95 89
95 90
95 98
96 15
96 17
96 25
96 26
96 31
96 37
96 45
96 49
96 51
96 53
96 63
96 75
96 81
96 83
96 86
96 98
97 10
97 19
97 23
97 26
97 27
97 47
97 61
97 69
97 72
97 98
98 11
98 16
98 20
98 21
98 25
98 33
98 38
98 39
98 48
98 61
98 64
98 67
98 98
99 2
99 7
99 15
99 27
99 30
99 37
99 41
99 54
99 71
99 78
99 83
99 89
99 94
99 100
100 11
100 37
100 42
100 63
100 64
100 74
100 76
100 77
100 83
