50 350
1 6
1 8
1 10
1 16
1 30
1 32
1 36
1 39
1 40
1 48
1 50
2 6
2 8
2 19
2 23
2 39
3 5
3 7
3 11
3 12
3 15
3 26
3 32
3 35
3 48
4 16
4 26
4 29
4 44
5 10
5 17
5 39
5 45
5 46
5 48
6 30
6 31
6 33
6 40
6 44
7 23
7 25
7 29
7 31
7 34
7 44
7 48
7 50
8 11
8 12
8 22
8 34
8 38
8 45
8 46
8 49
9 40
9 43
9 47
9 50
10 4
10 11
10 12
10 25
10 46
10 50
11 4
11 7
11 20
11 21
11 31
11 34
11 44
12 11
12 27
13 28
13 29
13 32
13 35
13 37
13 39
13 40
13 44
14 1
14 8
14 9
14 12
14 15
14 30
14 31
15 2
15 9
15 10
15 21
15 29
15 30
15 32
15 34
16 6
16 7
16 21
16 38
16 41
16 43
16 50
17 12
17 15
17 17
17 25
17 30
17 39
17 47
17 48
18 5
18 6
18 12
18 24
18 31
18 37
18 38
18 40
18 46
19 3
19 4
19 16
19 19
19 33
19 39
19 41
19 42
19 43
19 45
19 49
20 3
20 6
20 8
20 17
20 21
20 23
20 29
20 35
20 41
21 4
21 18
21 22
21 24
21 32
21 33
21 34
21 43
21 47
22 1
22 11
22 29
22 35
22 44
22 49
22 50
23 7
23 28
23 32
24 5
24 24
24 35
24 40
24 42
25 3
25 9
25 38
26 24
26 39
26 40
26 41
26 44
26 48
26 50
27 13
27 22
27 37
27 39
27 47
28 5
28 7
28 12
28 13
28 17
28 31
28 35
28 43
28 45
28 46
29 6
29 9
29 23
29 25
29 34
29 35
29 40
29 41
29 44
29 49
30 4
30 22
30 24
30 26
30 45
30 50
31 2
31 6
31 10
31 12
31 15
31 29
31 50
32 1
32 6
32 18
32 21
32 22
32 26
32 31
32 37
32 50
33 2
33 18
33 23
33 24
33 32
33 33
33 38
33 50
34 3
34 4
34 5
34 10
34 12
34 15
34 16
34 17
34 22
34 35
35 16
35 24
35 35
35 41
35 44
36 5
36 17
36 27
36 37
36 42
36 44
37 7
37 22
37 23
37 38
37 42
37 49
38 3
38 9
38 21
38 22
38 24
38 31
38 46
39 4
39 30
39 34
39 49
40 13
40 18
40 27
40 28
40 48
41 3
41 10
41 12
41 14
41 24
41 25
41 29
41 35
41 46
41 47
42 1
42 7
42 15
42 19
42 21
42 27
42 35
42 36
42 38
42 42
42 43
43 8
43 13
43 23
43 30
43 38
43 46
44 1
44 5
44 18
44 21
44 27
44 30
44 32
44 44
44 48
44 50
45 3
45 11
45 29
45 31
45 45
45 46
46 15
46 26
46 28
46 34
46 41
47 10
47 13
47 25
47 26
47 27
47 34
47 44
47 45
47 48
48 6
48 14
48 21
48 29
48 35
49 3
49 7
49 18
49 27
49 34
49 37
49 41
49 43
50 4
50 11
50 30
50 41
50 47
50 50
