100 4931
1 2 2
1 5 4
1 6 4
1 9 5
1 10 2
1 13 3
1 14 2
1 16 6
1 17 2
1 18 4
1 21 3
1 22 1
1 29 4
1 30 5
1 31 6
1 32 1
1 37 2
1 41 6
1 43 6
1 44 3
1 51 1
1 52 6
1 53 3
1 56 6
1 57 6
1 58 5
1 59 4
1 60 5
1 62 6
1 63 2
1 64 3
1 65 3
1 66 5
1 67 4
1 68 5
1 69 4
1 72 5
1 74 1
1 75 4
1 79 2
1 83 6
1 85 4
1 88 4
1 90 6
1 91 2
1 92 3
1 94 5
1 95 6
1 96 6
1 97 6
1 98 3
1 99 1
1 100 4
2 1 6
2 3 5
2 4 1
2 7 2
2 8 5
2 9 4
2 11 3
2 12 4
2 15 6
2 16 1
2 17 4
2 19 1
2 20 3
2 27 6
2 28 5
2 34 5
2 35 5
2 39 4
2 40 6
2 42 2
2 43 2
2 44 5
2 45 2
2 46 1
2 47 2
2 52 5
2 53 5
2 55 2
2 60 4
2 62 5
2 64 3
2 66 5
2 67 3
2 68 4
2 69 3
2 72 6
2 73 5
2 76 5
2 77 6
2 81 1
2 84 4
2 85 6
2 88 5
2 91 2
2 94 5
2 96 5
2 98 2
3 2 4
3 3 1
3 4 4
3 6 3
3 9 5
3 10 5
3 13 2
3 14 5
3 15 4
3 16 4
3 19 3
3 21 4
3 25 3
3 29 1
3 30 5
3 31 5
3 33 5
3 36 5
3 38 3
3 41 4
3 43 5
3 45 1
3 50 2
3 52 6
3 54 2
3 55 5
3 59 5
3 62 2
3 64 1
3 65 5
3 66 3
3 67 1
3 69 6
3 70 1
3 72 1
3 77 1
3 80 4
3 81 1
3 85 3
3 86 2
3 88 3
3 90 1
3 92 5
3 95 2
3 99 3
3 100 3
4 1 1
4 3 2
4 4 2
4 5 3
4 6 5
4 7 2
4 14 6
4 16 3
4 20 6
4 21 6
4 23 3
4 30 4
4 32 6
4 34 3
4 35 4
4 37 4
4 39 1
4 40 1
4 41 3
4 42 4
4 44 3
4 45 4
4 46 2
4 48 3
4 51 1
4 52 3
4 53 6
4 55 5
4 57 2
4 59 5
4 61 4
4 64 1
4 66 2
4 69 1
4 71 4
4 72 2
4 73 1
4 76 6
4 77 2
4 80 4
4 86 6
4 87 5
4 88 6
4 89 4
4 90 5
4 92 2
4 93 6
4 97 6
4 98 5
4 99 4
5 2 2
5 7 5
5 8 6
5 10 1
5 11 4
5 13 6
5 14 5
5 18 3
5 19 6
5 21 6
5 23 4
5 25 1
5 26 6
5 28 3
5 30 2
5 33 2
5 34 1
5 35 3
5 39 1
5 42 1
5 44 3
5 45 3
5 46 6
5 47 2
5 49 4
5 54 5
5 56 3
5 59 2
5 60 1
5 63 5
5 66 1
5 67 5
5 69 2
5 70 5
5 71 4
5 72 2
5 82 6
5 84 5
5 86 5
5 91 1
5 92 4
5 94 2
5 95 3
5 97 1
6 1 2
6 4 5
6 7 6
6 10 4
6 12 5
6 16 2
6 17 4
6 18 1
6 19 6
6 21 4
6 22 3
6 23 5
6 24 4
6 26 1
6 27 3
6 28 5
6 31 4
6 35 3
6 41 1
6 47 2
6 51 2
6 52 3
6 53 5
6 55 2
6 56 3
6 57 4
6 59 2
6 60 3
6 61 6
6 62 1
6 64 4
6 65 5
6 66 3
6 67 6
6 68 5
6 69 4
6 74 5
6 75 2
6 80 1
6 81 6
6 85 1
6 88 1
6 89 2
6 91 2
6 96 2
6 98 5
6 99 2
6 100 3
7 2 3
7 3 5
7 4 5
7 5 3
7 7 3
7 11 3
7 14 3
7 15 1
7 17 3
7 18 2
7 19 5
7 21 6
7 24 4
7 25 2
7 28 5
7 29 5
7 30 1
7 31 3
7 33 1
7 35 4
7 38 1
7 41 4
7 42 2
7 43 2
7 44 3
7 45 1
7 48 5
7 53 5
7 55 4
7 56 1
7 59 5
7 60 5
7 61 2
7 63 5
7 64 1
7 65 3
7 67 3
7 69 3
7 70 5
7 73 5
7 74 1
7 75 4
7 76 3
7 78 1
7 79 1
7 80 3
7 81 1
7 82 5
7 83 6
7 84 1
7 85 1
7 86 4
7 87 1
7 92 1
7 93 2
7 96 2
7 97 5
7 98 4
7 100 2
8 1 1
8 3 4
8 8 2
8 11 6
8 12 2
8 13 2
8 14 6
8 15 1
8 16 4
8 17 4
8 18 5
8 19 3
8 21 5
8 25 3
8 28 6
8 29 4
8 30 3
8 33 1
8 34 2
8 35 6
8 39 3
8 42 1
8 43 1
8 45 1
8 46 3
8 48 6
8 56 5
8 57 3
8 60 4
8 63 4
8 65 3
8 66 4
8 67 1
8 70 1
8 72 3
8 73 5
8 76 4
8 77 1
8 78 3
8 80 2
8 81 5
8 84 5
8 85 6
8 87 4
8 89 6
8 90 3
8 91 3
8 94 2
8 97 5
9 4 2
9 6 3
9 7 2
9 11 2
9 14 3
9 15 1
9 17 3
9 21 1
9 22 4
9 23 1
9 24 6
9 25 5
9 26 6
9 27 3
9 28 2
9 30 4
9 33 3
9 34 1
9 36 3
9 37 2
9 39 3
9 40 5
9 41 3
9 44 2
9 45 3
9 48 1
9 49 5
9 50 5
9 51 5
9 54 5
9 56 1
9 57 2
9 58 2
9 59 1
9 62 2
9 63 4
9 65 1
9 66 3
9 67 5
9 69 1
9 71 6
9 75 1
9 76 1
9 78 6
9 80 1
9 81 3
9 88 3
9 90 4
9 92 4
9 93 2
9 94 1
9 95 5
9 96 3
9 97 1
9 98 5
9 100 6
10 1 2
10 3 2
10 4 2
10 6 2
10 9 3
10 10 3
10 12 1
10 15 6
10 19 5
10 20 5
10 21 3
10 22 2
10 23 2
10 26 2
10 27 5
10 28 6
10 29 1
10 31 3
10 32 5
10 33 6
10 35 5
10 36 6
10 38 6
10 44 2
10 45 2
10 50 3
10 54 4
10 56 5
10 57 2
10 58 1
10 59 6
10 61 6
10 62 2
10 65 3
10 66 1
10 68 6
10 71 4
10 73 4
10 76 5
10 77 3
10 78 5
10 79 4
10 81 5
10 82 4
10 83 1
10 84 4
10 85 3
10 86 2
10 87 3
10 88 4
10 90 1
10 91 6
10 95 4
10 96 5
10 98 1
10 100 1
11 7 6
11 9 3
11 11 5
11 12 2
11 14 5
11 15 2
11 16 2
11 17 3
11 19 3
11 23 4
11 25 5
11 30 4
11 31 2
11 33 5
11 34 1
11 36 2
11 40 4
11 43 1
11 44 2
11 45 5
11 46 3
11 47 5
11 48 6
11 49 4
11 52 6
11 55 6
11 56 6
11 57 2
11 58 2
11 61 3
11 63 4
11 66 6
11 67 4
11 68 2
11 69 6
11 70 4
11 71 3
11 72 5
11 75 5
11 76 6
11 78 6
11 80 3
11 81 6
11 82 2
11 84 1
11 85 1
11 89 5
11 90 6
11 91 3
11 92 2
11 93 5
11 95 2
11 99 3
12 1 3
12 5 6
12 8 3
12 9 5
12 10 3
12 11 2
12 12 6
12 16 6
12 17 6
12 19 4
12 21 5
12 22 1
12 24 1
12 27 5
12 29 5
12 32 5
12 34 4
12 35 2
12 37 2
12 38 3
12 39 4
12 40 2
12 41 5
12 43 6
12 44 1
12 45 4
12 46 6
12 48 4
12 49 6
12 52 6
12 53 3
12 55 4
12 56 5
12 62 2
12 63 5
12 66 6
12 67 1
12 68 5
12 70 1
12 71 3
12 73 6
12 77 1
12 79 3
12 82 6
12 83 1
12 86 2
12 87 5
12 88 6
12 89 6
12 92 6
12 93 1
12 95 4
12 96 2
12 100 4
13 2 4
13 3 4
13 4 2
13 5 3
13 6 4
13 7 2
13 10 5
13 14 4
13 15 2
13 16 1
13 17 4
13 18 5
13 19 5
13 20 4
13 21 1
13 22 6
13 23 3
13 26 3
13 28 2
13 29 4
13 30 6
13 34 5
13 35 1
13 38 2
13 48 5
13 50 4
13 52 5
13 53 1
13 54 1
13 56 6
13 60 5
13 66 2
13 68 3
13 71 2
13 72 2
13 74 3
13 75 2
13 76 5
13 79 2
13 81 3
13 85 3
13 86 5
13 87 3
13 92 6
13 94 4
13 97 2
13 99 5
14 1 3
14 7 4
14 9 4
14 10 1
14 11 2
14 13 5
14 15 4
14 16 2
14 17 3
14 18 1
14 20 1
14 22 1
14 24 5
14 26 6
14 28 1
14 30 5
14 31 3
14 34 6
14 37 6
14 38 6
14 39 2
14 40 1
14 44 5
14 47 3
14 48 5
14 50 3
14 52 4
14 53 5
14 55 6
14 56 3
14 57 5
14 58 3
14 59 1
14 61 1
14 62 4
14 65 6
14 68 4
14 69 3
14 71 3
14 72 5
14 73 4
14 77 3
14 80 6
14 83 6
14 93 5
14 94 4
14 96 1
14 97 6
14 99 4
15 2 4
15 4 2
15 5 5
15 6 1
15 7 3
15 12 6
15 15 5
15 16 6
15 19 6
15 20 6
15 24 5
15 25 2
15 27 4
15 32 5
15 36 5
15 41 4
15 42 6
15 43 6
15 44 3
15 48 6
15 49 2
15 53 4
15 55 5
15 56 6
15 61 5
15 62 2
15 64 3
15 67 5
15 68 1
15 71 6
15 73 4
15 75 5
15 77 4
15 80 4
15 82 3
15 83 5
15 88 5
15 92 6
15 94 6
15 95 6
15 96 1
15 97 4
15 98 6
15 99 2
16 1 6
16 4 6
16 5 3
16 6 6
16 8 1
16 11 4
16 13 6
16 14 6
16 16 2
16 17 6
16 19 4
16 20 3
16 25 2
16 26 1
16 27 5
16 33 1
16 35 3
16 37 3
16 40 6
16 42 4
16 43 6
16 44 5
16 45 3
16 48 2
16 49 4
16 53 3
16 55 4
16 58 2
16 59 4
16 62 5
16 64 1
16 65 3
16 67 5
16 68 1
16 70 6
16 71 5
16 72 4
16 73 1
16 79 3
16 80 1
16 82 6
16 83 4
16 86 1
16 88 2
16 92 5
16 94 6
16 96 2
16 97 6
16 100 1
17 2 4
17 3 6
17 5 6
17 6 3
17 7 5
17 8 3
17 12 2
17 13 5
17 14 2
17 15 2
17 19 3
17 20 3
17 22 1
17 24 1
17 25 6
17 26 5
17 27 6
17 28 3
17 30 4
17 31 5
17 32 5
17 33 6
17 34 1
17 35 2
17 38 3
17 40 6
17 41 6
17 44 6
17 46 5
17 47 3
17 48 3
17 52 5
17 53 6
17 56 2
17 57 4
17 58 5
17 59 4
17 60 2
17 62 4
17 63 3
17 64 5
17 65 3
17 69 6
17 70 2
17 71 3
17 73 5
17 75 6
17 80 2
17 82 6
17 86 1
17 88 5
17 91 4
17 92 3
17 93 4
17 96 2
17 98 3
17 99 2
18 4 1
18 6 6
18 7 6
18 8 2
18 10 5
18 11 4
18 13 5
18 14 6
18 15 2
18 18 5
18 21 3
18 22 4
18 23 5
18 26 2
18 27 2
18 28 2
18 29 6
18 30 4
18 31 3
18 32 3
18 34 4
18 40 2
18 41 1
18 42 6
18 45 2
18 46 6
18 47 6
18 48 3
18 49 1
18 51 1
18 52 2
18 53 4
18 55 3
18 56 4
18 62 1
18 63 2
18 64 1
18 65 1
18 66 5
18 68 1
18 72 2
18 73 6
18 76 1
18 77 4
18 80 6
18 81 5
18 82 6
18 83 5
18 86 4
18 87 3
18 90 6
18 93 3
18 94 1
18 96 5
19 6 6
19 7 2
19 9 1
19 10 2
19 11 4
19 12 2
19 15 4
19 18 4
19 19 4
19 20 2
19 21 2
19 23 2
19 24 3
19 25 4
19 27 5
19 28 5
19 29 4
19 30 2
19 31 4
19 38 6
19 39 3
19 41 3
19 42 4
19 45 5
19 47 1
19 48 2
19 51 1
19 52 1
19 55 1
19 60 1
19 61 4
19 63 3
19 64 4
19 66 5
19 71 3
19 75 2
19 77 4
19 79 2
19 81 6
19 83 2
19 90 1
19 91 1
19 94 4
19 95 2
19 96 6
19 98 5
19 99 1
20 1 5
20 5 4
20 6 3
20 10 2
20 11 1
20 12 4
20 15 6
20 16 3
20 22 1
20 26 1
20 27 5
20 33 1
20 35 5
20 36 2
20 37 1
20 40 3
20 42 1
20 43 4
20 44 1
20 45 2
20 46 1
20 48 4
20 49 6
20 51 2
20 52 6
20 55 3
20 56 6
20 58 2
20 59 6
20 62 4
20 65 4
20 66 3
20 72 6
20 73 3
20 78 3
20 80 6
20 81 6
20 82 2
20 88 2
20 90 1
20 91 5
20 92 5
20 96 2
20 100 3
21 2 4
21 3 5
21 4 6
21 8 5
21 11 6
21 13 5
21 14 1
21 18 3
21 24 5
21 25 4
21 27 5
21 36 2
21 37 6
21 38 5
21 39 4
21 41 6
21 42 1
21 43 6
21 44 3
21 46 6
21 47 5
21 50 6
21 52 1
21 53 3
21 54 2
21 56 1
21 57 2
21 58 1
21 59 2
21 61 4
21 62 1
21 65 1
21 66 6
21 68 1
21 74 5
21 75 4
21 76 5
21 77 3
21 82 1
21 83 3
21 84 1
21 88 2
21 94 5
21 96 1
21 98 4
21 99 6
21 100 2
22 3 4
22 4 6
22 7 4
22 10 1
22 11 6
22 15 5
22 18 3
22 22 1
22 25 3
22 26 3
22 28 1
22 30 3
22 31 1
22 33 4
22 35 1
22 36 6
22 37 3
22 43 3
22 44 6
22 48 2
22 49 3
22 51 4
22 54 1
22 55 6
22 56 3
22 58 1
22 59 4
22 61 2
22 63 5
22 64 5
22 65 2
22 66 3
22 68 3
22 69 5
22 70 4
22 71 5
22 75 4
22 76 1
22 78 2
22 80 6
22 83 4
22 85 5
22 86 5
22 87 6
22 88 5
22 90 6
22 91 5
22 92 5
22 98 1
22 99 3
22 100 6
23 2 2
23 4 2
23 7 3
23 9 4
23 10 5
23 12 3
23 18 1
23 19 4
23 21 3
23 23 2
23 25 5
23 26 1
23 28 1
23 29 3
23 30 6
23 31 5
23 32 3
23 36 4
23 37 3
23 38 3
23 40 3
23 41 3
23 43 3
23 44 6
23 46 6
23 47 5
23 48 5
23 51 1
23 52 5
23 53 1
23 54 2
23 55 3
23 57 6
23 58 3
23 60 3
23 61 5
23 62 1
23 63 4
23 64 3
23 66 4
23 67 4
23 68 3
23 69 6
23 71 4
23 72 1
23 74 5
23 75 1
23 76 2
23 79 1
23 80 5
23 81 4
23 82 5
23 83 3
23 87 2
23 88 6
23 89 5
23 92 6
23 93 3
23 96 3
23 97 6
23 100 3
24 1 4
24 4 3
24 10 4
24 11 5
24 12 3
24 14 5
24 19 5
24 22 2
24 23 1
24 26 2
24 30 3
24 31 6
24 32 2
24 34 5
24 36 2
24 37 1
24 43 2
24 44 4
24 45 6
24 46 5
24 50 1
24 54 1
24 57 5
24 59 6
24 60 3
24 62 6
24 64 1
24 66 2
24 68 3
24 70 1
24 71 6
24 72 5
24 75 5
24 77 6
24 79 1
24 81 1
24 82 2
24 84 6
24 87 2
24 88 5
24 89 4
24 90 1
24 91 5
24 92 3
24 95 4
24 97 6
24 98 3
24 99 2
24 100 2
25 2 5
25 3 4
25 5 2
25 7 4
25 12 4
25 14 6
25 15 3
25 16 5
25 17 2
25 20 4
25 21 6
25 22 1
25 25 3
25 26 4
25 27 2
25 28 1
25 29 6
25 31 5
25 36 4
25 40 5
25 43 4
25 45 1
25 48 4
25 52 5
25 54 5
25 59 5
25 60 5
25 62 4
25 64 1
25 69 3
25 70 4
25 71 1
25 74 2
25 75 3
25 77 6
25 78 6
25 82 6
25 83 1
25 84 5
25 86 1
25 87 3
25 88 5
25 89 6
25 98 3
26 1 5
26 5 6
26 7 5
26 8 5
26 9 3
26 10 5
26 15 4
26 16 5
26 18 5
26 19 4
26 21 5
26 25 6
26 26 5
26 28 3
26 30 4
26 32 3
26 33 2
26 34 5
26 36 4
26 37 5
26 39 2
26 41 5
26 42 2
26 43 3
26 44 6
26 47 1
26 49 4
26 50 6
26 51 6
26 53 5
26 54 1
26 58 3
26 62 4
26 64 4
26 70 3
26 71 6
26 72 6
26 73 1
26 75 1
26 77 1
26 84 1
26 88 4
26 93 3
26 94 4
26 98 3
26 100 3
27 3 6
27 7 6
27 8 4
27 10 3
27 12 4
27 14 4
27 15 1
27 16 4
27 18 3
27 20 2
27 24 4
27 26 2
27 29 1
27 39 2
27 40 3
27 41 3
27 43 2
27 47 5
27 50 3
27 51 4
27 52 3
27 53 5
27 56 3
27 58 6
27 63 4
27 64 6
27 65 3
27 67 4
27 70 3
27 71 4
27 72 2
27 73 6
27 74 4
27 79 4
27 81 6
27 85 4
27 87 1
27 88 1
27 89 2
27 90 2
27 95 2
27 96 2
27 99 6
28 1 1
28 5 1
28 7 3
28 8 2
28 13 4
28 14 1
28 15 4
28 16 6
28 17 6
28 19 2
28 21 1
28 22 1
28 23 4
28 25 5
28 26 1
28 28 5
28 30 2
28 32 5
28 36 4
28 38 3
28 43 1
28 44 6
28 45 1
28 47 6
28 49 5
28 53 6
28 56 4
28 57 6
28 61 6
28 64 1
28 68 3
28 70 6
28 71 3
28 72 2
28 73 4
28 74 6
28 76 1
28 77 2
28 81 6
28 82 6
28 84 1
28 86 4
28 88 1
28 89 6
28 92 4
28 93 3
28 94 6
28 99 5
28 100 4
29 2 4
29 3 1
29 13 5
29 16 4
29 20 1
29 23 2
29 26 4
29 27 5
29 28 6
29 29 2
29 31 2
29 34 5
29 37 3
29 38 4
29 39 6
29 46 5
29 48 3
29 50 4
29 53 6
29 55 5
29 58 2
29 59 5
29 63 3
29 64 4
29 65 1
29 67 1
29 70 6
29 72 6
29 76 3
29 77 6
29 79 3
29 80 1
29 85 5
29 87 6
29 88 4
29 89 3
29 91 1
29 92 2
29 94 5
29 96 3
29 98 3
30 3 6
30 5 2
30 6 4
30 7 2
30 8 2
30 10 3
30 11 2
30 13 4
30 14 5
30 15 6
30 16 5
30 21 1
30 22 5
30 23 5
30 25 5
30 26 2
30 29 4
30 30 3
30 33 3
30 35 4
30 41 6
30 44 3
30 45 3
30 47 4
30 50 2
30 51 4
30 53 3
30 54 5
30 56 4
30 57 2
30 61 3
30 62 2
30 64 5
30 66 2
30 67 6
30 68 5
30 70 6
30 72 4
30 78 5
30 79 2
30 83 1
30 87 5
30 90 3
30 92 5
30 94 6
30 97 2
30 98 6
30 99 2
30 100 3
31 2 5
31 3 4
31 4 4
31 6 3
31 8 1
31 9 2
31 12 2
31 14 6
31 16 3
31 17 2
31 18 1
31 20 6
31 23 5
31 24 6
31 29 1
31 30 5
31 32 2
31 34 6
31 35 1
31 37 2
31 38 5
31 41 2
31 42 5
31 43 5
31 44 6
31 46 3
31 48 4
31 49 3
31 50 1
31 51 1
31 52 3
31 53 5
31 54 2
31 56 1
31 57 6
31 59 2
31 64 3
31 67 6
31 68 6
31 69 3
31 71 3
31 73 5
31 75 6
31 77 5
31 79 4
31 82 1
31 83 1
31 84 3
31 85 3
31 88 2
31 89 1
31 92 3
31 95 2
31 97 6
31 99 5
31 100 1
32 1 3
32 3 1
32 4 1
32 7 6
32 11 1
32 12 3
32 15 3
32 16 2
32 17 3
32 19 5
32 23 1
32 25 3
32 27 1
32 29 1
32 30 2
32 33 4
32 35 3
32 36 6
32 37 6
32 39 6
32 40 2
32 43 1
32 46 6
32 47 3
32 49 3
32 50 1
32 51 5
32 52 3
32 57 1
32 60 3
32 61 6
32 65 6
32 67 2
32 68 5
32 69 3
32 70 4
32 72 1
32 73 6
32 74 5
32 75 5
32 76 6
32 77 5
32 79 4
32 81 5
32 84 4
32 87 5
32 89 4
32 92 3
32 97 2
32 98 6
32 99 3
33 2 5
33 3 2
33 4 1
33 7 5
33 9 5
33 14 1
33 16 2
33 20 2
33 22 2
33 23 4
33 24 3
33 25 5
33 27 1
33 29 3
33 30 5
33 36 3
33 39 5
33 44 3
33 45 4
33 47 2
33 49 4
33 50 6
33 53 1
33 55 6
33 60 3
33 62 1
33 64 6
33 65 5
33 69 3
33 70 5
33 71 5
33 72 6
33 73 5
33 76 6
33 77 5
33 78 1
33 79 5
33 82 3
33 83 4
33 84 6
33 85 2
33 86 2
33 87 1
33 88 5
33 91 2
33 96 6
33 97 2
33 98 4
33 100 3
34 1 3
34 3 3
34 7 2
34 8 2
34 9 4
34 10 4
34 11 4
34 13 1
34 17 5
34 18 2
34 19 3
34 23 3
34 24 6
34 27 6
34 29 6
34 31 5
34 32 1
34 33 5
34 34 1
34 35 6
34 37 2
34 38 4
34 39 6
34 40 5
34 41 1
34 42 4
34 46 1
34 51 4
34 55 5
34 56 6
34 58 4
34 62 3
34 65 3
34 66 4
34 68 4
34 71 5
34 72 4
34 75 1
34 76 1
34 77 4
34 79 1
34 84 6
34 86 6
34 87 6
34 89 1
34 90 1
34 91 1
34 92 5
34 93 2
34 100 5
35 3 5
35 5 3
35 6 5
35 9 3
35 10 5
35 11 6
35 12 3
35 18 4
35 20 6
35 22 2
35 24 5
35 25 2
35 26 1
35 29 5
35 30 3
35 31 2
35 39 1
35 41 1
35 42 6
35 47 3
35 48 4
35 50 6
35 52 3
35 53 3
35 55 6
35 57 6
35 61 1
35 64 5
35 66 4
35 67 4
35 68 4
35 69 3
35 71 3
35 72 3
35 76 4
35 78 6
35 79 2
35 80 6
35 85 5
35 86 5
35 91 2
35 92 1
35 94 3
35 96 6
35 97 1
35 98 5
36 3 2
36 5 5
36 7 6
36 8 6
36 11 4
36 15 3
36 19 6
36 20 1
36 22 5
36 24 1
36 26 4
36 27 2
36 28 4
36 31 6
36 32 2
36 34 4
36 35 6
36 36 2
36 38 1
36 40 2
36 42 3
36 46 3
36 47 6
36 48 2
36 52 6
36 55 4
36 58 6
36 60 4
36 61 3
36 63 4
36 65 6
36 66 6
36 68 6
36 72 2
36 73 4
36 74 4
36 76 4
36 78 5
36 79 1
36 80 5
36 82 4
36 83 3
36 84 2
36 85 2
36 87 1
36 94 4
36 96 4
36 97 1
37 2 1
37 3 6
37 5 1
37 6 2
37 7 4
37 8 4
37 11 6
37 12 5
37 15 3
37 16 2
37 19 2
37 20 5
37 24 1
37 26 3
37 29 1
37 30 4
37 31 4
37 32 6
37 33 6
37 34 6
37 35 2
37 36 5
37 37 6
37 39 4
37 42 1
37 45 5
37 51 2
37 55 4
37 57 2
37 63 6
37 64 2
37 67 3
37 69 6
37 70 2
37 71 1
37 77 5
37 79 5
37 81 2
37 83 2
37 84 4
37 88 5
37 89 1
37 90 5
37 93 2
37 94 4
37 95 2
37 98 1
38 4 5
38 6 6
38 7 2
38 8 6
38 9 5
38 12 6
38 14 5
38 15 6
38 16 5
38 19 1
38 21 2
38 24 4
38 25 4
38 28 1
38 30 5
38 32 6
38 35 1
38 37 4
38 38 1
38 39 5
38 41 1
38 44 6
38 46 4
38 48 1
38 51 5
38 54 2
38 55 1
38 58 1
38 59 3
38 64 4
38 66 3
38 67 6
38 68 4
38 71 2
38 72 5
38 78 2
38 80 5
38 82 6
38 83 3
38 85 5
38 87 6
38 88 4
38 90 5
38 92 4
38 93 5
38 95 2
38 96 6
38 98 4
38 100 6
39 2 4
39 4 2
39 6 4
39 7 3
39 8 3
39 9 2
39 10 3
39 13 5
39 15 3
39 20 2
39 21 6
39 24 5
39 25 1
39 27 6
39 28 3
39 29 3
39 31 2
39 33 3
39 34 3
39 35 3
39 37 3
39 40 4
39 41 3
39 43 5
39 46 4
39 47 1
39 50 2
39 52 2
39 53 3
39 55 2
39 56 2
39 62 1
39 63 5
39 66 5
39 68 5
39 71 2
39 75 5
39 76 4
39 81 6
39 82 2
39 86 5
39 88 2
39 89 5
39 90 4
39 92 4
39 93 6
39 94 2
39 96 1
39 98 6
39 99 1
39 100 2
40 4 6
40 5 1
40 6 1
40 8 6
40 9 4
40 10 4
40 12 4
40 13 6
40 14 2
40 15 5
40 16 5
40 18 2
40 20 6
40 22 5
40 23 5
40 24 1
40 25 2
40 26 4
40 27 2
40 29 3
40 30 2
40 35 6
40 39 6
40 40 4
40 44 3
40 45 6
40 50 2
40 52 2
40 53 3
40 55 6
40 58 2
40 63 3
40 65 4
40 66 5
40 70 3
40 72 1
40 73 5
40 77 3
40 78 2
40 80 6
40 81 4
40 82 1
40 83 3
40 88 5
40 90 5
40 91 1
40 93 5
40 95 3
40 97 4
40 99 3
41 2 5
41 4 1
41 5 1
41 7 3
41 8 2
41 9 2
41 10 6
41 12 1
41 13 1
41 14 4
41 15 6
41 16 5
41 20 2
41 21 6
41 23 2
41 24 5
41 27 5
41 28 4
41 32 1
41 35 6
41 37 2
41 38 4
41 39 6
41 40 5
41 41 2
41 44 6
41 50 5
41 53 3
41 56 6
41 57 1
41 59 6
41 60 1
41 61 2
41 63 5
41 65 4
41 66 6
41 67 4
41 68 5
41 69 5
41 70 2
41 75 3
41 76 1
41 80 6
41 81 2
41 82 6
41 83 6
41 85 5
41 86 5
41 87 2
41 90 4
41 91 3
41 92 6
41 94 4
41 95 4
41 98 3
41 99 4
41 100 1
42 6 6
42 10 2
42 13 2
42 15 5
42 21 1
42 22 4
42 23 1
42 26 4
42 28 2
42 29 4
42 31 6
42 33 5
42 34 3
42 35 2
42 38 1
42 40 1
42 41 6
42 42 6
42 44 1
42 46 4
42 47 4
42 48 2
42 49 2
42 50 5
42 52 5
42 54 2
42 58 5
42 60 4
42 63 5
42 65 3
42 66 2
42 70 2
42 71 3
42 74 6
42 75 5
42 79 1
42 82 3
42 84 1
42 86 4
42 88 1
42 90 5
42 93 2
42 94 2
42 97 3
42 98 4
42 99 1
43 5 5
43 7 5
43 9 1
43 11 5
43 13 4
43 14 1
43 15 4
43 16 5
43 18 5
43 20 6
43 24 3
43 27 4
43 29 3
43 31 3
43 32 4
43 33 1
43 36 5
43 37 4
43 38 1
43 39 4
43 41 3
43 42 5
43 43 6
43 45 3
43 46 2
43 48 5
43 49 5
43 50 5
43 52 3
43 53 1
43 54 5
43 56 3
43 57 4
43 58 4
43 61 5
43 62 1
43 64 5
43 65 5
43 66 1
43 67 1
43 68 5
43 72 5
43 73 1
43 74 1
43 75 3
43 76 3
43 78 3
43 81 5
43 82 1
43 83 6
43 85 3
43 86 5
43 87 1
43 88 4
43 91 6
43 93 1
43 97 5
43 98 4
44 3 3
44 5 5
44 6 5
44 11 1
44 13 2
44 17 3
44 18 3
44 21 2
44 23 2
44 24 5
44 25 2
44 27 5
44 28 1
44 29 4
44 33 3
44 36 5
44 39 4
44 42 3
44 45 3
44 46 3
44 47 5
44 56 3
44 60 1
44 61 6
44 64 1
44 67 6
44 68 2
44 70 3
44 71 4
44 75 5
44 77 3
44 79 5
44 85 5
44 86 1
44 87 1
44 89 6
44 90 2
44 92 3
44 94 4
44 95 1
45 2 2
45 5 3
45 6 5
45 7 6
45 10 6
45 12 3
45 15 2
45 17 2
45 18 1
45 19 3
45 23 6
45 25 4
45 28 1
45 29 6
45 30 5
45 31 3
45 34 2
45 37 5
45 39 1
45 42 5
45 45 3
45 47 3
45 50 3
45 54 5
45 55 2
45 56 1
45 57 4
45 60 3
45 64 6
45 67 1
45 68 1
45 69 3
45 72 4
45 73 6
45 75 2
45 78 5
45 79 1
45 81 6
45 82 5
45 88 6
45 89 6
45 90 6
45 93 5
45 94 4
45 98 2
45 99 2
45 100 2
46 3 1
46 5 5
46 6 2
46 8 5
46 13 5
46 15 1
46 16 6
46 17 3
46 19 4
46 23 2
46 24 1
46 25 3
46 26 4
46 29 3
46 31 5
46 32 6
46 36 3
46 38 2
46 43 6
46 44 1
46 46 1
46 49 4
46 51 1
46 52 2
46 54 3
46 55 5
46 63 1
46 64 1
46 66 2
46 67 1
46 68 5
46 70 2
46 72 1
46 73 5
46 74 2
46 75 2
46 81 4
46 82 3
46 83 2
46 87 4
46 88 5
46 90 3
46 91 3
46 94 4
46 95 6
46 98 1
46 100 2
47 2 5
47 3 2
47 4 2
47 8 6
47 11 5
47 18 3
47 19 5
47 21 4
47 22 5
47 24 4
47 25 3
47 31 1
47 35 4
47 37 1
47 38 1
47 40 6
47 42 6
47 46 5
47 47 6
47 48 5
47 50 4
47 51 6
47 54 5
47 56 3
47 57 3
47 58 1
47 60 6
47 61 4
47 62 2
47 63 6
47 64 5
47 65 4
47 67 5
47 68 5
47 69 6
47 70 5
47 73 5
47 74 4
47 75 5
47 77 6
47 79 6
47 80 5
47 82 4
47 84 5
47 85 4
47 86 2
47 88 3
47 90 6
47 91 5
47 92 3
47 93 5
47 94 4
47 99 5
47 100 5
48 1 3
48 8 3
48 10 3
48 11 1
48 14 5
48 18 1
48 19 4
48 21 4
48 22 3
48 23 2
48 24 5
48 25 4
48 30 2
48 31 6
48 34 4
48 38 3
48 39 6
48 42 6
48 43 2
48 44 4
48 46 4
48 50 1
48 54 6
48 57 1
48 59 3
48 61 1
48 62 3
48 66 5
48 68 6
48 69 1
48 71 3
48 72 4
48 76 1
48 80 3
48 81 3
48 85 3
48 86 5
48 92 1
48 94 2
48 96 6
48 97 1
48 98 3
48 99 1
48 100 6
49 3 6
49 4 1
49 5 2
49 7 6
49 8 3
49 9 4
49 11 5
49 13 3
49 15 2
49 16 1
49 17 6
49 19 6
49 20 6
49 22 2
49 23 5
49 24 6
49 27 5
49 29 6
49 30 3
49 32 3
49 33 3
49 36 4
49 41 4
49 42 5
49 43 4
49 44 1
49 46 2
49 48 4
49 49 2
49 50 5
49 52 1
49 53 5
49 55 2
49 57 6
49 58 2
49 61 2
49 65 6
49 66 4
49 69 4
49 70 2
49 72 5
49 81 2
49 82 6
49 86 3
49 89 6
49 92 6
49 96 3
49 97 1
49 98 6
49 99 6
49 100 6
50 4 3
50 8 4
50 9 4
50 10 2
50 11 6
50 12 2
50 14 1
50 15 3
50 18 4
50 19 5
50 20 3
50 22 5
50 24 4
50 26 3
50 28 5
50 34 1
50 35 5
50 37 6
50 38 3
50 39 5
50 40 6
50 41 3
50 42 4
50 43 1
50 44 3
50 45 1
50 55 6
50 58 4
50 59 1
50 60 5
50 61 2
50 62 5
50 63 6
50 67 6
50 68 6
50 70 3
50 73 4
50 76 3
50 77 2
50 79 1
50 80 1
50 83 5
50 84 5
50 85 5
50 87 5
50 88 2
50 93 2
50 94 3
50 95 1
50 97 1
51 2 2
51 6 1
51 7 6
51 9 1
51 12 4
51 16 6
51 17 6
51 18 1
51 19 1
51 20 1
51 21 1
51 23 1
51 24 5
51 25 3
51 26 3
51 32 1
51 35 5
51 37 1
51 38 5
51 39 2
51 40 4
51 41 2
51 44 3
51 45 3
51 46 5
51 47 5
51 48 5
51 50 3
51 51 2
51 54 2
51 60 2
51 61 4
51 62 1
51 67 2
51 69 5
51 70 6
51 71 4
51 72 1
51 74 3
51 86 3
51 90 4
51 91 1
51 96 1
51 97 5
51 98 2
52 3 5
52 4 6
52 6 1
52 10 2
52 12 2
52 15 2
52 17 2
52 18 3
52 19 1
52 22 1
52 24 3
52 25 6
52 27 2
52 29 1
52 30 4
52 32 2
52 33 2
52 35 1
52 39 6
52 40 3
52 41 3
52 43 1
52 44 5
52 45 1
52 48 4
52 49 2
52 51 2
52 52 6
52 55 2
52 56 1
52 57 1
52 58 2
52 59 1
52 60 6
52 64 6
52 66 1
52 67 1
52 68 6
52 69 2
52 70 3
52 71 6
52 72 3
52 73 5
52 75 4
52 77 2
52 78 6
52 81 1
52 82 6
52 85 3
52 87 2
52 89 3
52 90 3
52 91 3
52 92 4
52 94 6
52 97 5
52 100 4
53 3 6
53 4 4
53 9 1
53 10 4
53 13 2
53 14 4
53 16 3
53 17 2
53 20 5
53 21 6
53 22 1
53 23 2
53 26 1
53 29 4
53 30 3
53 31 5
53 34 3
53 35 3
53 37 3
53 40 4
53 41 4
53 42 3
53 43 3
53 44 3
53 45 4
53 48 4
53 51 5
53 54 1
53 55 3
53 57 2
53 58 3
53 60 2
53 62 3
53 63 5
53 65 2
53 66 5
53 67 6
53 69 6
53 71 2
53 72 2
53 73 4
53 75 6
53 77 6
53 81 2
53 82 2
53 84 2
53 86 1
53 88 5
53 92 3
53 93 2
53 95 3
53 96 6
53 99 3
53 100 2
54 1 3
54 3 4
54 4 3
54 5 1
54 8 4
54 9 2
54 10 5
54 11 3
54 13 4
54 15 1
54 16 2
54 17 6
54 19 3
54 20 1
54 21 6
54 22 2
54 24 4
54 27 5
54 29 1
54 33 1
54 39 6
54 40 2
54 41 6
54 42 3
54 43 6
54 44 3
54 46 5
54 49 3
54 53 5
54 54 6
54 56 6
54 58 3
54 59 3
54 61 6
54 62 1
54 64 2
54 65 4
54 68 1
54 70 3
54 71 5
54 72 6
54 74 2
54 75 1
54 78 2
54 81 3
54 83 3
54 87 5
54 91 4
54 92 2
54 93 3
54 95 1
54 96 2
54 97 3
55 2 6
55 6 5
55 7 1
55 10 2
55 11 1
55 13 2
55 14 2
55 15 3
55 18 5
55 20 3
55 21 2
55 22 2
55 23 2
55 25 1
55 27 3
55 28 5
55 29 5
55 31 5
55 32 5
55 33 5
55 34 5
55 35 4
55 36 4
55 37 5
55 38 5
55 45 4
55 46 2
55 47 5
55 48 3
55 50 2
55 53 4
55 54 1
55 55 3
55 62 2
55 63 2
55 64 2
55 69 2
55 75 2
55 79 1
55 80 2
55 81 4
55 85 3
55 87 2
55 90 1
55 91 3
55 92 1
55 94 5
55 96 2
55 97 6
55 98 6
55 99 2
56 3 1
56 5 4
56 6 6
56 7 6
56 8 2
56 9 5
56 10 3
56 13 2
56 14 5
56 16 6
56 17 6
56 18 6
56 19 1
56 25 2
56 26 3
56 27 4
56 29 5
56 30 1
56 31 1
56 32 3
56 33 4
56 39 5
56 41 3
56 44 2
56 45 4
56 48 1
56 51 5
56 52 3
56 53 6
56 60 6
56 61 5
56 62 6
56 63 3
56 64 5
56 66 3
56 67 5
56 68 1
56 69 4
56 70 3
56 72 4
56 76 1
56 78 3
56 79 1
56 81 6
56 85 6
56 86 3
56 88 1
56 91 2
56 92 3
56 93 2
56 95 3
56 97 3
56 98 3
56 100 3
57 2 4
57 3 4
57 4 1
57 6 3
57 7 2
57 11 6
57 12 3
57 14 1
57 15 1
57 16 4
57 17 4
57 18 5
57 20 2
57 27 3
57 29 3
57 30 6
57 32 6
57 38 5
57 39 4
57 41 5
57 42 3
57 43 5
57 45 3
57 47 6
57 54 2
57 55 3
57 58 2
57 60 3
57 62 1
57 63 4
57 64 3
57 65 5
57 67 6
57 71 5
57 72 6
57 73 2
57 75 4
57 78 4
57 79 2
57 82 4
57 83 6
57 85 2
57 89 1
57 90 6
57 91 6
57 94 2
57 96 1
57 97 6
57 99 1
57 100 1
58 1 5
58 4 5
58 7 4
58 10 5
58 12 4
58 14 6
58 15 3
58 17 5
58 18 2
58 22 5
58 24 6
58 27 4
58 28 4
58 29 1
58 30 4
58 31 5
58 35 6
58 38 5
58 39 6
58 43 4
58 44 2
58 45 5
58 49 5
58 50 3
58 51 1
58 54 6
58 55 3
58 58 3
58 59 4
58 60 2
58 62 6
58 64 6
58 65 6
58 70 5
58 72 3
58 78 1
58 79 4
58 80 3
58 83 2
58 88 2
58 91 2
58 95 4
58 96 1
58 99 3
58 100 5
59 2 3
59 3 2
59 4 5
59 6 4
59 7 4
59 10 1
59 11 5
59 12 2
59 13 5
59 15 1
59 19 4
59 20 6
59 21 2
59 23 5
59 25 2
59 26 4
59 27 4
59 34 1
59 39 3
59 40 3
59 41 2
59 42 2
59 43 3
59 45 2
59 48 2
59 50 6
59 51 5
59 53 5
59 56 3
59 58 2
59 59 5
59 63 6
59 65 4
59 70 4
59 71 4
59 72 5
59 74 5
59 75 3
59 77 2
59 79 5
59 85 5
59 90 5
59 92 3
59 94 5
59 95 2
59 97 3
60 1 6
60 6 2
60 7 6
60 8 1
60 9 3
60 10 1
60 13 4
60 15 4
60 16 6
60 19 6
60 20 5
60 25 6
60 26 2
60 27 5
60 30 4
60 31 4
60 32 5
60 34 4
60 35 3
60 38 2
60 39 1
60 40 1
60 42 6
60 43 1
60 44 1
60 46 5
60 47 4
60 49 2
60 51 4
60 52 4
60 55 2
60 57 4
60 59 4
60 61 5
60 62 5
60 64 1
60 65 5
60 66 2
60 72 5
60 75 4
60 76 4
60 77 4
60 78 3
60 81 3
60 83 2
60 86 5
60 87 3
60 90 2
60 92 1
60 94 5
60 97 1
60 98 6
60 99 1
60 100 5
61 3 2
61 6 4
61 7 3
61 9 4
61 10 3
61 12 6
61 13 1
61 15 4
61 20 1
61 26 6
61 31 4
61 33 3
61 34 4
61 36 4
61 37 3
61 38 5
61 39 1
61 41 2
61 43 4
61 44 5
61 45 4
61 49 5
61 51 6
61 52 4
61 53 5
61 54 2
61 56 3
61 58 2
61 59 3
61 63 2
61 65 5
61 66 2
61 67 2
61 70 2
61 73 4
61 76 6
61 78 2
61 79 1
61 80 6
61 81 1
61 82 4
61 83 1
61 84 4
61 86 2
61 87 3
61 88 5
61 91 3
61 92 3
61 100 4
62 1 1
62 3 4
62 9 4
62 10 6
62 16 4
62 18 3
62 20 6
62 21 6
62 22 3
62 24 6
62 25 5
62 31 4
62 32 3
62 39 3
62 42 2
62 45 1
62 48 4
62 50 2
62 51 4
62 53 2
62 55 4
62 56 1
62 57 5
62 58 1
62 60 5
62 63 3
62 67 3
62 68 4
62 71 6
62 73 5
62 74 6
62 75 3
62 79 6
62 81 5
62 83 3
62 84 5
62 86 5
62 87 4
62 88 3
62 89 4
62 94 6
62 95 4
62 100 5
63 3 2
63 4 2
63 6 2
63 12 5
63 15 2
63 19 5
63 20 2
63 21 1
63 22 3
63 23 5
63 26 1
63 27 3
63 28 4
63 29 1
63 30 3
63 31 3
63 33 3
63 34 5
63 40 5
63 42 6
63 43 4
63 45 2
63 46 3
63 47 2
63 48 3
63 51 4
63 55 6
63 56 4
63 57 6
63 59 2
63 64 1
63 67 4
63 73 6
63 76 3
63 77 5
63 78 5
63 79 2
63 81 2
63 82 1
63 84 5
63 85 3
63 86 4
63 89 2
63 93 6
63 94 3
63 95 1
63 100 4
64 1 1
64 3 3
64 5 1
64 6 4
64 7 2
64 10 1
64 11 5
64 17 6
64 19 2
64 26 3
64 29 2
64 30 4
64 32 4
64 33 3
64 38 5
64 40 6
64 41 6
64 42 5
64 43 3
64 45 2
64 49 2
64 50 2
64 51 2
64 52 5
64 53 2
64 55 2
64 60 1
64 62 4
64 63 5
64 67 5
64 68 2
64 70 4
64 71 2
64 72 3
64 73 5
64 75 6
64 78 6
64 80 6
64 81 3
64 83 5
64 84 2
64 85 1
64 86 3
64 89 2
64 90 2
64 92 2
64 94 6
64 96 4
64 97 5
64 98 4
64 99 1
65 3 6
65 8 1
65 10 2
65 11 5
65 12 4
65 13 5
65 14 2
65 15 2
65 18 3
65 19 6
65 20 2
65 22 3
65 23 6
65 26 3
65 28 1
65 29 4
65 32 4
65 34 1
65 35 5
65 36 4
65 37 2
65 38 6
65 41 2
65 43 2
65 44 6
65 45 1
65 46 6
65 48 6
65 49 3
65 51 1
65 52 3
65 53 5
65 58 2
65 59 1
65 62 1
65 72 1
65 73 4
65 77 3
65 78 1
65 84 4
65 88 6
65 89 5
65 90 5
65 94 6
65 98 6
65 99 4
65 100 6
66 3 3
66 5 2
66 8 4
66 17 3
66 18 6
66 19 3
66 20 4
66 22 4
66 24 4
66 25 3
66 29 5
66 32 2
66 33 2
66 40 1
66 41 2
66 42 2
66 43 2
66 44 1
66 45 2
66 46 6
66 47 4
66 49 4
66 50 5
66 51 4
66 54 5
66 56 1
66 57 1
66 59 2
66 60 5
66 62 1
66 63 1
66 67 4
66 69 3
66 76 4
66 81 2
66 84 2
66 89 6
66 91 6
66 93 3
66 94 4
66 97 3
66 99 5
67 2 6
67 3 1
67 7 5
67 10 4
67 12 2
67 13 6
67 15 5
67 16 3
67 20 5
67 23 1
67 24 3
67 25 1
67 26 2
67 27 6
67 28 6
67 29 1
67 30 4
67 34 2
67 36 1
67 38 3
67 39 2
67 42 2
67 43 3
67 44 1
67 47 4
67 50 6
67 51 1
67 53 4
67 54 1
67 58 5
67 59 4
67 63 1
67 66 4
67 68 5
67 70 5
67 78 5
67 79 1
67 83 2
67 86 5
67 90 6
67 91 6
67 92 4
67 93 6
67 95 5
67 96 5
67 98 4
68 3 2
68 5 5
68 6 4
68 10 4
68 11 6
68 13 3
68 14 4
68 18 1
68 19 1
68 20 2
68 21 5
68 22 5
68 23 6
68 24 3
68 27 1
68 28 1
68 29 3
68 31 1
68 32 2
68 36 1
68 38 6
68 39 6
68 40 5
68 41 1
68 43 1
68 45 5
68 46 4
68 49 2
68 52 1
68 55 3
68 56 4
68 60 5
68 63 1
68 64 5
68 65 4
68 66 5
68 67 3
68 69 4
68 70 6
68 71 1
68 74 6
68 76 5
68 78 1
68 82 3
68 83 5
68 85 4
68 86 4
68 88 2
68 93 3
68 94 3
68 95 4
68 99 4
68 100 5
69 3 1
69 5 3
69 6 5
69 7 2
69 8 6
69 12 6
69 13 4
69 14 4
69 15 3
69 17 5
69 21 5
69 22 2
69 23 3
69 25 5
69 32 6
69 33 4
69 34 6
69 35 6
69 36 4
69 37 6
69 38 5
69 39 5
69 40 4
69 46 4
69 47 6
69 48 2
69 49 3
69 52 1
69 54 1
69 56 2
69 58 4
69 61 1
69 64 3
69 67 3
69 68 3
69 71 5
69 73 3
69 74 2
69 75 1
69 76 5
69 78 2
69 80 4
69 81 1
69 82 4
69 83 4
69 84 6
69 85 5
69 86 3
69 88 5
69 92 3
69 94 2
69 95 6
69 96 1
69 97 5
69 100 2
70 3 3
70 4 5
70 5 1
70 6 4
70 7 3
70 8 1
70 9 6
70 10 3
70 12 6
70 13 5
70 16 6
70 17 1
70 18 5
70 20 4
70 21 1
70 22 1
70 23 6
70 28 3
70 29 5
70 33 5
70 37 6
70 40 6
70 44 6
70 45 5
70 47 4
70 50 1
70 52 5
70 53 4
70 55 5
70 56 3
70 68 5
70 69 6
70 70 1
70 71 2
70 73 2
70 75 1
70 80 5
70 82 1
70 83 1
70 86 1
70 87 5
70 88 5
70 89 3
70 90 2
70 92 2
70 95 5
70 96 2
70 97 2
70 99 2
71 2 1
71 3 5
71 5 3
71 6 6
71 8 5
71 11 4
71 12 3
71 18 5
71 19 2
71 21 3
71 22 5
71 23 2
71 24 1
71 26 5
71 27 3
71 28 1
71 34 1
71 35 4
71 37 5
71 38 3
71 40 4
71 41 4
71 42 4
71 43 1
71 47 2
71 49 2
71 51 6
71 52 1
71 54 6
71 55 4
71 56 4
71 58 3
71 60 3
71 62 5
71 64 2
71 66 2
71 67 2
71 68 2
71 69 1
71 74 3
71 75 1
71 76 4
71 79 3
71 81 2
71 83 2
71 85 3
71 91 2
71 93 6
71 94 6
71 95 5
71 99 4
71 100 1
72 1 4
72 3 6
72 5 6
72 6 5
72 8 1
72 9 4
72 10 3
72 12 3
72 16 6
72 17 3
72 18 2
72 24 2
72 25 6
72 26 6
72 27 4
72 28 6
72 29 1
72 35 4
72 36 4
72 37 5
72 38 1
72 39 2
72 41 2
72 44 4
72 45 6
72 46 1
72 47 3
72 48 6
72 49 5
72 50 4
72 51 2
72 53 5
72 54 3
72 58 1
72 59 2
72 61 2
72 67 4
72 68 5
72 69 1
72 70 2
72 76 4
72 81 3
72 83 6
72 84 6
72 85 5
72 87 6
72 89 5
72 92 4
72 93 4
72 94 5
72 97 4
72 98 1
72 100 6
73 2 4
73 4 2
73 8 4
73 9 2
73 10 1
73 11 3
73 13 4
73 17 5
73 18 4
73 19 6
73 21 1
73 24 2
73 25 5
73 28 3
73 29 4
73 30 5
73 33 4
73 34 3
73 36 5
73 37 1
73 40 3
73 42 2
73 43 5
73 44 6
73 49 5
73 50 3
73 54 6
73 55 6
73 58 1
73 60 5
73 64 6
73 65 6
73 67 1
73 68 3
73 69 4
73 70 3
73 71 1
73 74 3
73 75 2
73 76 1
73 77 4
73 86 6
73 90 4
73 91 1
73 92 4
73 93 5
73 95 6
73 96 2
73 98 5
73 99 4
74 1 4
74 6 2
74 7 5
74 10 1
74 11 4
74 14 1
74 15 4
74 16 5
74 18 1
74 20 2
74 21 6
74 22 1
74 28 4
74 33 1
74 34 3
74 35 5
74 36 1
74 38 3
74 39 1
74 42 1
74 43 1
74 44 1
74 46 5
74 48 3
74 50 3
74 52 3
74 53 1
74 55 5
74 56 4
74 57 5
74 59 3
74 60 3
74 61 2
74 62 6
74 64 3
74 66 5
74 68 2
74 70 3
74 72 5
74 74 2
74 75 2
74 77 6
74 81 6
74 82 2
74 84 3
74 88 3
74 89 5
74 91 3
74 92 6
74 94 3
74 95 5
74 97 1
75 3 6
75 7 4
75 8 3
75 10 6
75 11 2
75 13 2
75 14 2
75 15 2
75 17 1
75 18 3
75 19 4
75 20 2
75 23 2
75 24 2
75 26 5
75 27 5
75 28 1
75 29 3
75 36 4
75 38 6
75 40 2
75 41 2
75 42 1
75 43 4
75 44 2
75 45 4
75 47 1
75 48 6
75 49 3
75 53 2
75 54 6
75 55 6
75 57 3
75 58 5
75 62 6
75 63 4
75 66 3
75 67 1
75 69 1
75 72 1
75 73 2
75 76 1
75 78 5
75 83 4
75 84 6
75 85 5
75 87 4
75 91 1
75 94 5
75 96 2
75 97 4
75 99 4
75 100 5
76 3 1
76 4 2
76 5 1
76 8 2
76 9 3
76 10 2
76 11 5
76 14 5
76 17 3
76 19 3
76 20 3
76 21 3
76 25 3
76 26 3
76 27 1
76 28 1
76 29 1
76 32 6
76 33 4
76 35 1
76 37 2
76 38 1
76 39 3
76 41 4
76 45 6
76 46 3
76 51 1
76 52 2
76 54 6
76 55 1
76 59 2
76 60 1
76 61 2
76 66 6
76 67 2
76 69 5
76 70 5
76 74 6
76 78 6
76 79 1
76 80 4
76 82 6
76 84 1
76 88 5
76 91 2
76 92 4
76 95 2
76 96 5
76 97 1
76 98 2
76 99 2
76 100 1
77 2 1
77 3 2
77 4 3
77 5 5
77 6 1
77 8 5
77 9 5
77 14 3
77 17 2
77 18 4
77 19 1
77 21 5
77 22 3
77 23 3
77 25 3
77 26 5
77 27 4
77 28 4
77 29 5
77 31 5
77 32 5
77 34 4
77 35 3
77 45 1
77 48 2
77 49 4
77 50 5
77 51 4
77 55 2
77 56 5
77 58 2
77 59 5
77 64 1
77 65 5
77 68 1
77 70 3
77 71 2
77 73 2
77 74 3
77 75 4
77 77 1
77 78 4
77 80 6
77 82 5
77 89 4
77 90 5
77 98 1
78 3 6
78 4 1
78 5 2
78 6 5
78 7 4
78 9 5
78 10 4
78 11 5
78 16 3
78 20 5
78 21 1
78 24 2
78 28 2
78 30 3
78 31 6
78 34 4
78 36 3
78 37 5
78 42 1
78 43 5
78 44 3
78 45 2
78 46 5
78 47 5
78 48 6
78 49 5
78 50 2
78 52 2
78 53 1
78 54 2
78 55 4
78 56 2
78 57 1
78 61 6
78 62 4
78 63 3
78 64 1
78 67 2
78 69 1
78 70 1
78 72 6
78 74 5
78 75 4
78 77 4
78 78 2
78 79 2
78 81 5
78 82 4
78 84 6
78 85 1
78 86 6
78 88 4
78 89 2
78 91 1
78 98 2
78 99 3
79 3 5
79 7 4
79 8 4
79 9 5
79 10 6
79 14 3
79 16 4
79 17 5
79 18 2
79 19 4
79 20 3
79 21 4
79 22 3
79 29 4
79 34 5
79 37 2
79 38 4
79 41 5
79 44 1
79 45 2
79 51 6
79 56 5
79 57 6
79 59 3
79 60 1
79 63 1
79 67 4
79 69 5
79 70 4
79 76 1
79 77 4
79 79 1
79 80 6
79 82 6
79 87 2
79 89 4
79 91 3
79 95 5
79 96 1
79 97 3
79 98 6
79 99 1
80 5 3
80 9 5
80 12 5
80 13 5
80 16 3
80 18 2
80 19 5
80 20 2
80 21 4
80 24 6
80 27 3
80 28 6
80 31 4
80 32 6
80 33 2
80 35 4
80 36 6
80 39 4
80 40 1
80 43 5
80 44 3
80 45 1
80 46 3
80 47 3
80 48 1
80 49 5
80 55 1
80 59 3
80 61 6
80 64 5
80 66 6
80 69 2
80 70 2
80 71 3
80 73 6
80 74 1
80 75 2
80 80 4
80 81 3
80 86 4
80 87 6
80 89 4
80 90 6
80 91 4
80 92 6
80 100 6
81 2 1
81 5 5
81 7 4
81 11 5
81 13 1
81 15 6
81 18 1
81 19 1
81 20 1
81 23 3
81 26 1
81 27 3
81 29 3
81 30 2
81 32 5
81 35 4
81 37 5
81 38 6
81 40 6
81 41 3
81 43 1
81 47 4
81 48 3
81 49 2
81 52 2
81 53 3
81 55 6
81 57 6
81 59 1
81 60 1
81 61 4
81 62 5
81 63 2
81 65 4
81 67 2
81 72 2
81 74 2
81 76 1
81 77 4
81 78 1
81 79 2
81 80 3
81 83 1
81 85 4
81 87 5
81 90 5
81 92 5
81 93 2
81 99 1
81 100 4
82 4 2
82 8 3
82 9 6
82 10 5
82 11 4
82 12 2
82 14 1
82 17 5
82 19 6
82 20 4
82 23 4
82 24 4
82 26 5
82 27 4
82 30 3
82 31 4
82 33 3
82 35 5
82 37 1
82 45 1
82 47 4
82 48 6
82 62 6
82 64 4
82 65 2
82 69 4
82 70 2
82 71 5
82 72 5
82 77 5
82 78 6
82 80 5
82 81 5
82 82 2
82 86 3
82 87 4
82 89 6
82 90 4
82 91 3
82 93 3
82 95 6
82 97 4
83 3 4
83 5 5
83 6 4
83 9 3
83 10 2
83 16 3
83 18 5
83 20 5
83 22 6
83 23 6
83 24 5
83 26 2
83 27 3
83 29 1
83 35 6
83 36 1
83 37 3
83 38 6
83 40 4
83 43 2
83 44 3
83 52 5
83 53 3
83 55 4
83 57 1
83 62 2
83 67 4
83 69 1
83 72 2
83 73 2
83 74 1
83 75 4
83 76 1
83 80 2
83 81 1
83 87 1
83 89 4
83 90 5
83 93 6
83 94 6
83 96 4
83 98 1
84 3 1
84 5 3
84 7 1
84 8 5
84 12 4
84 13 6
84 16 6
84 18 2
84 20 3
84 22 5
84 24 4
84 27 1
84 28 3
84 31 3
84 32 4
84 33 6
84 34 4
84 35 3
84 36 1
84 37 2
84 39 6
84 44 4
84 45 5
84 46 3
84 47 4
84 48 4
84 49 6
84 50 6
84 53 6
84 57 4
84 58 5
84 60 3
84 61 2
84 62 2
84 63 1
84 66 3
84 69 3
84 73 4
84 74 1
84 75 6
84 77 5
84 80 3
84 84 5
84 86 2
84 88 2
84 89 6
84 92 6
84 97 1
84 98 5
84 100 2
85 2 4
85 3 6
85 5 2
85 7 3
85 9 5
85 10 5
85 12 6
85 16 6
85 19 2
85 20 2
85 22 3
85 23 2
85 24 6
85 26 2
85 27 6
85 31 4
85 34 4
85 36 4
85 38 3
85 39 6
85 40 1
85 41 5
85 43 1
85 45 1
85 46 3
85 47 2
85 49 2
85 51 2
85 53 4
85 54 4
85 55 5
85 57 5
85 58 3
85 60 4
85 61 5
85 65 3
85 67 4
85 69 3
85 70 1
85 72 5
85 76 5
85 81 1
85 82 2
85 83 5
85 85 6
85 89 4
85 91 2
85 93 1
85 95 1
85 96 1
85 97 1
85 99 2
85 100 3
86 1 2
86 3 6
86 4 4
86 5 4
86 7 6
86 12 5
86 16 5
86 18 3
86 19 6
86 26 6
86 27 3
86 30 5
86 31 4
86 32 1
86 35 6
86 36 4
86 39 4
86 44 2
86 46 1
86 48 6
86 50 6
86 53 3
86 55 2
86 56 6
86 58 5
86 59 1
86 60 6
86 61 6
86 63 4
86 66 6
86 67 1
86 68 3
86 70 3
86 78 6
86 80 1
86 81 6
86 84 5
86 86 4
86 89 3
86 91 5
86 94 1
86 95 5
86 96 3
86 97 6
86 98 4
86 99 6
86 100 6
87 2 1
87 3 5
87 4 6
87 5 4
87 7 6
87 14 6
87 16 6
87 18 1
87 22 4
87 25 4
87 29 6
87 31 1
87 32 5
87 35 1
87 37 1
87 41 5
87 42 5
87 43 4
87 44 3
87 46 2
87 47 4
87 48 6
87 52 1
87 57 2
87 58 3
87 59 5
87 61 6
87 62 5
87 64 4
87 66 6
87 67 2
87 68 5
87 69 4
87 72 6
87 73 3
87 74 5
87 75 5
87 78 3
87 79 6
87 80 6
87 83 1
87 86 4
87 88 5
87 90 5
87 92 4
87 93 2
87 96 3
88 4 2
88 5 4
88 6 4
88 8 5
88 9 5
88 12 6
88 23 2
88 26 5
88 30 6
88 31 1
88 32 5
88 35 5
88 37 5
88 42 4
88 43 3
88 44 4
88 45 4
88 46 6
88 49 1
88 51 6
88 52 6
88 53 3
88 55 2
88 57 6
88 58 3
88 59 4
88 62 3
88 63 1
88 65 3
88 67 1
88 70 1
88 71 6
88 72 1
88 73 4
88 74 2
88 75 4
88 77 2
88 78 2
88 79 1
88 81 2
88 83 1
88 85 1
88 87 1
88 88 6
88 91 1
88 93 5
88 95 6
88 97 1
88 100 1
89 2 3
89 3 4
89 4 2
89 6 3
89 11 1
89 12 1
89 13 4
89 15 5
89 16 5
89 17 2
89 18 2
89 20 5
89 24 5
89 25 4
89 27 2
89 29 3
89 30 5
89 31 4
89 35 5
89 37 5
89 38 6
89 39 2
89 41 3
89 43 5
89 44 1
89 45 6
89 46 1
89 51 1
89 54 5
89 55 3
89 58 1
89 60 4
89 61 1
89 63 1
89 66 6
89 67 1
89 71 6
89 72 3
89 75 5
89 76 3
89 79 5
89 82 5
89 83 3
89 84 4
89 87 4
89 89 1
89 92 6
89 93 2
89 95 3
89 96 6
89 98 6
90 4 2
90 6 5
90 7 5
90 9 6
90 11 1
90 13 3
90 14 6
90 15 4
90 16 1
90 17 4
90 21 6
90 22 2
90 23 3
90 25 1
90 30 3
90 32 3
90 34 2
90 35 3
90 36 5
90 37 2
90 38 5
90 40 2
90 43 5
90 44 1
90 45 2
90 46 6
90 48 4
90 49 3
90 53 6
90 56 2
90 60 4
90 62 6
90 67 3
90 68 4
90 70 5
90 71 4
90 72 1
90 74 3
90 77 1
90 78 5
90 80 3
90 81 6
90 82 5
90 83 3
90 84 2
90 86 2
90 87 2
90 90 6
90 92 2
90 93 4
90 94 3
90 95 3
91 2 1
91 3 4
91 6 5
91 7 2
91 8 4
91 9 4
91 10 1
91 11 5
91 13 3
91 16 1
91 19 2
91 21 1
91 22 4
91 24 4
91 25 2
91 26 1
91 27 6
91 30 4
91 31 5
91 32 6
91 35 2
91 37 2
91 40 2
91 44 3
91 46 3
91 47 6
91 49 3
91 50 3
91 51 6
91 52 3
91 56 5
91 62 2
91 67 1
91 72 2
91 73 3
91 74 4
91 76 5
91 77 5
91 79 1
91 82 3
91 85 1
91 87 2
91 91 6
91 93 2
91 98 3
92 1 6
92 5 2
92 9 1
92 13 4
92 14 6
92 15 3
92 18 6
92 19 3
92 22 2
92 25 1
92 26 1
92 28 4
92 29 3
92 35 5
92 40 3
92 41 6
92 43 4
92 47 3
92 49 5
92 53 6
92 54 3
92 56 4
92 57 5
92 59 3
92 60 3
92 61 5
92 62 1
92 63 4
92 65 2
92 66 5
92 71 4
92 72 3
92 75 3
92 77 6
92 79 1
92 80 1
92 81 5
92 82 5
92 83 1
92 84 2
92 88 5
92 90 2
92 92 5
92 93 4
92 99 3
93 4 4
93 5 4
93 6 5
93 10 1
93 11 1
93 13 4
93 16 2
93 17 6
93 19 5
93 20 2
93 26 4
93 29 6
93 30 4
93 31 4
93 32 1
93 37 4
93 38 6
93 39 2
93 42 6
93 43 6
93 44 4
93 46 2
93 48 6
93 52 3
93 55 5
93 56 1
93 57 3
93 62 3
93 63 2
93 70 3
93 74 6
93 75 5
93 76 3
93 78 4
93 79 2
93 80 4
93 82 3
93 83 5
93 84 3
93 86 2
93 89 3
93 91 1
93 92 3
93 93 5
93 94 5
93 95 3
93 96 4
93 97 3
93 99 3
93 100 2
94 1 3
94 3 3
94 5 3
94 8 2
94 12 3
94 16 4
94 17 6
94 19 4
94 21 6
94 26 4
94 27 6
94 33 2
94 35 4
94 38 1
94 40 1
94 41 5
94 42 2
94 45 3
94 49 1
94 51 5
94 55 6
94 56 3
94 59 1
94 61 4
94 66 1
94 69 5
94 73 6
94 79 6
94 81 3
94 82 2
94 83 1
94 88 3
94 89 2
94 90 5
94 93 3
94 97 5
94 98 4
95 2 6
95 6 2
95 7 5
95 9 1
95 10 1
95 13 3
95 15 1
95 17 6
95 18 4
95 20 1
95 21 2
95 23 6
95 27 3
95 30 6
95 32 5
95 36 2
95 38 4
95 40 3
95 42 6
95 44 2
95 46 1
95 48 1
95 49 4
95 52 4
95 53 5
95 54 6
95 55 6
95 56 1
95 58 4
95 59 3
95 61 4
95 62 1
95 63 2
95 66 3
95 67 4
95 69 5
95 70 5
95 71 4
95 72 5
95 74 2
95 76 5
95 81 5
95 82 6
95 83 1
95 84 3
95 86 6
95 89 4
95 90 6
95 91 2
95 92 2
95 93 5
95 95 4
95 96 1
95 97 6
95 98 4
95 100 6
96 1 4
96 3 2
96 5 3
96 6 1
96 7 3
96 13 1
96 14 3
96 17 1
96 20 2
96 23 5
96 26 3
96 28 4
96 29 6
96 32 4
96 33 3
96 34 1
96 39 3
96 42 1
96 46 4
96 49 2
96 51 3
96 52 5
96 53 2
96 54 2
96 55 1
96 56 6
96 58 4
96 61 5
96 64 1
96 66 5
96 69 5
96 70 3
96 71 1
96 72 6
96 79 4
96 82 3
96 85 1
96 87 3
96 90 2
96 93 5
96 94 6
96 96 2
96 97 1
97 2 2
97 4 6
97 6 6
97 10 5
97 11 6
97 12 4
97 17 5
97 18 5
97 23 6
97 26 1
97 27 2
97 30 4
97 31 6
97 32 1
97 34 6
97 35 1
97 36 5
97 38 4
97 39 5
97 43 2
97 46 1
97 48 6
97 49 4
97 51 6
97 52 4
97 54 2
97 56 2
97 57 2
97 64 1
97 69 5
97 70 4
97 73 5
97 74 5
97 76 3
97 77 6
97 78 6
97 79 3
97 80 2
97 81 5
97 82 5
97 83 3
97 85 4
97 86 2
97 87 6
97 88 3
97 90 5
97 91 3
97 94 6
97 95 2
97 98 6
98 1 6
98 5 3
98 7 3
98 9 5
98 12 6
98 13 3
98 14 5
98 15 6
98 16 2
98 18 2
98 20 5
98 21 6
98 26 1
98 29 1
98 30 2
98 31 3
98 32 2
98 35 6
98 36 3
98 37 2
98 41 2
98 42 6
98 45 6
98 47 1
98 48 5
98 49 2
98 52 4
98 54 3
98 55 3
98 56 2
98 58 6
98 59 3
98 60 4
98 61 1
98 62 1
98 63 2
98 66 6
98 68 4
98 70 4
98 72 3
98 77 3
98 78 4
98 86 3
98 88 5
98 92 2
98 95 3
98 98 3
99 2 3
99 3 4
99 4 5
99 5 2
99 7 5
99 8 3
99 9 2
99 14 4
99 17 1
99 18 1
99 19 3
99 20 1
99 22 4
99 26 2
99 27 4
99 28 3
99 29 1
99 31 3
99 35 3
99 37 1
99 38 6
99 40 6
99 41 5
99 43 4
99 44 4
99 48 4
99 49 4
99 50 3
99 52 5
99 53 6
99 54 4
99 55 2
99 58 6
99 60 4
99 66 4
99 67 3
99 68 1
99 69 1
99 70 6
99 72 2
99 73 6
99 77 3
99 78 3
99 80 5
99 82 4
99 83 6
99 84 4
99 88 1
99 89 4
99 91 1
99 94 4
99 96 5
99 99 2
100 1 1
100 4 2
100 5 6
100 8 4
100 9 4
100 12 2
100 13 6
100 16 2
100 22 2
100 23 5
100 24 1
100 27 6
100 28 3
100 29 3
100 30 5
100 32 4
100 33 2
100 34 4
100 35 6
100 37 4
100 38 5
100 39 2
100 40 1
100 41 5
100 43 2
100 45 6
100 51 2
100 56 2
100 61 1
100 63 3
100 64 5
100 65 1
100 67 1
100 68 3
100 69 3
100 70 2
100 71 1
100 73 3
100 75 6
100 77 6
100 82 2
100 85 2
100 87 1
100 88 6
100 89 2
100 90 5
100 91 4
100 93 3
100 94 2
100 95 1
100 100 2
